Quadratic: [nan, 47.034516143798825, 20.346946716308594, 15.876118469238282, 14.10887107849121, 12.867939376831055, 10.032551383972168, 7.005049228668213, 4.183171939849854]
SiLU: [318.3933334350586, 46.5462646484375, 29.99277000427246, 24.61933135986328, 18.15845603942871, 13.12236156463623, 8.507286739349365, 5.240236282348633, 2.8485743522644045]
ReLU: [79.21781463623047, 61.11231155395508, 39.892093658447266, 28.910582733154296, 18.09040184020996, 12.20760498046875, 7.568403148651123, 4.169855117797852, 2.6115248918533327]
