Quadratic: [41.181443786621095, 20.042636489868165, 15.680370903015136, 14.414775276184082, 12.90827236175537, 9.760008811950684]
SiLU: [48.697794342041014, 30.65194664001465, 23.57183380126953, 16.930389213562012, 13.286346054077148, 8.511878871917725]
ReLU: [65.49169540405273, 40.63605422973633, 28.985311126708986, 19.506327438354493, 12.34043483734131, 7.11941385269165]
