Quadratic: [35.23757057189941, 17.138198471069337, 15.503361320495605, 13.995637130737304, 11.96152572631836]
SiLU: [44.15674057006836, 30.99250373840332, 24.48507766723633, 19.067446517944337, 12.577389907836913]
ReLU: [58.944670867919925, 36.62144317626953, 26.380711364746094, 17.29880485534668, 10.951891136169433]
